2222443223344322
222
2131111333424443331
1
11
1121
23333556567887999888988865554243457789986468891199111099886665443453224666664646810810111313121414161719181819171919171818171918181918161614141313121416161515141618181716151715131515161412131211119888888101010887553457546443578881010977875566457798888755542233344543132
132333345664222
224646576534246878791011911121199108101010987777643342244221322344444231
112
2331122211
111
1
1
222
1
224421
1212131
1134533457810108101011111198109791112121212109911121214121315171717161615171919191920181919212222232325252726242626252321211919212122222120202223212222212220191918161414151313131113141312121416141412111113119756677776786668687997577576655577788891198978910889766789991098655432454468866879755678886464431
1111357757866421
222235553353357531133432222111
113222421
